-3.122160024940967560e-02 1.263040006160736084e-01 5.149240139871835709e-03
-4.467739909887313843e-02 1.312039941549301147e-01 5.704789888113737106e-03
-6.830109655857086182e-02 1.448280066251754761e-01 4.136880114674568176e-02
-6.000950001180171967e-03 1.303980052471160889e-01 1.789860054850578308e-02
-1.735679991543292999e-02 1.276129931211471558e-01 5.268849898129701614e-03
3.305130079388618469e-02 1.070339977741241455e-01 3.195429965853691101e-02
4.008730128407478333e-02 1.052099987864494324e-01 1.734190061688423157e-02
-3.018019907176494598e-02 1.063219979405403137e-01 3.997449949383735657e-02
3.041929937899112701e-02 1.185719966888427734e-01 1.880680024623870850e-02
-6.408219784498214722e-02 1.593910008668899536e-01 -1.690959930419921875e-02
4.470460116863250732e-02 9.278769791126251221e-02 5.075850058346986771e-03
-3.167539834976196289e-02 1.703950017690658569e-01 -6.350229959934949875e-03
-8.485230058431625366e-02 1.340779960155487061e-01 4.701770097017288208e-02
-6.885469704866409302e-02 1.220519989728927612e-01 5.175689980387687683e-02
5.954749882221221924e-03 1.310240030288696289e-01 1.782519929111003876e-02
4.046289995312690735e-02 1.051419973373413086e-01 6.409780122339725494e-03
3.873420134186744690e-02 1.021609976887702942e-01 -4.631119780242443085e-03
-9.145130217075347900e-02 1.341360062360763550e-01 1.710259914398193359e-02
-8.187209814786911011e-02 1.071659997105598450e-01 3.101599961519241333e-02
-6.721799820661544800e-02 1.561550050973892212e-01 1.788629963994026184e-02
-7.956869900226593018e-02 1.528750061988830566e-01 2.993110008537769318e-02
5.960070062428712845e-03 1.225040033459663391e-01 3.462719917297363281e-02
-5.163170024752616882e-02 1.450009942054748535e-01 1.848039962351322174e-02
-7.797809690237045288e-02 1.325500011444091797e-01 5.134940147399902344e-02
-5.907080136239528656e-03 1.279339939355850220e-01 2.746229991316795349e-02
-4.791330173611640930e-02 1.293009966611862183e-01 2.696459926664829254e-02
-8.242700248956680298e-02 9.281340241432189941e-02 -5.560460034757852554e-03
1.744000054895877838e-02 1.276939958333969116e-01 1.853480003774166107e-02
-9.068679809570312500e-02 1.203050017356872559e-01 6.680400110781192780e-03
-2.940380014479160309e-02 1.790300011634826660e-01 -7.879589684307575226e-03
-7.978910207748413086e-02 1.437599956989288330e-01 4.269940033555030823e-02
-1.828799955546855927e-02 1.083289980888366699e-01 4.150979965925216675e-02
-2.023259922862052917e-02 1.818459928035736084e-01 -1.832740008831024170e-02
-3.770390152931213379e-02 1.679870039224624634e-01 -1.303909998387098312e-02
5.821640137583017349e-03 1.280599981546401978e-01 2.790159918367862701e-02
-4.353889822959899902e-02 1.300140023231506348e-01 1.753330044448375702e-02
1.886989921331405640e-02 1.198619976639747620e-01 3.240900114178657532e-02
-4.401009902358055115e-02 1.670349985361099243e-01 2.318979939445853233e-03
-8.981099724769592285e-02 1.324010044336318970e-01 7.057430222630500793e-03
-5.735199898481369019e-02 1.449889987707138062e-01 3.151959925889968872e-02
4.426220059394836426e-02 9.345260262489318848e-02 1.764170080423355103e-02
4.123429954051971436e-02 9.217309951782226562e-02 2.856029942631721497e-02
-5.639529973268508911e-02 1.545650064945220947e-01 1.687799952924251556e-02
-2.061350084841251373e-02 1.597730070352554321e-01 -7.175220176577568054e-03
-7.298929989337921143e-02 6.561160087585449219e-02 1.816930063068866730e-02
-6.739670038223266602e-02 1.552560031414031982e-01 5.813890136778354645e-03
-9.048639982938766479e-02 1.186110004782676697e-01 4.121480137109756470e-02
2.731419913470745087e-02 1.179649978876113892e-01 2.861909940838813782e-02
4.190700128674507141e-02 9.163860231637954712e-02 -5.569450091570615768e-03
-7.021089643239974976e-02 1.653030067682266235e-01 -1.946610026061534882e-02
-6.184699945151805878e-03 1.227290034294128418e-01 3.478699922561645508e-02
3.001379966735839844e-02 9.327860176563262939e-02 4.214759916067123413e-02
-1.751290075480937958e-02 1.621260046958923340e-01 -1.454889960587024689e-02
-7.639770209789276123e-02 1.712909936904907227e-01 -4.110210016369819641e-02
-8.542270213365554810e-02 1.053859964013099670e-01 3.394860075786709785e-03
3.704309836030006409e-02 1.104430034756660461e-01 2.072289958596229553e-02
-6.597320083528757095e-03 4.272849857807159424e-02 4.693910107016563416e-02
6.397940218448638916e-03 4.370059818029403687e-02 4.682600125670433044e-02
-5.592469871044158936e-02 1.576060056686401367e-01 6.564550101757049561e-03
-9.114489704370498657e-02 1.188160032033920288e-01 2.984420023858547211e-02
-5.951090157032012939e-02 1.283520013093948364e-01 3.996260091662406921e-02
-1.763349957764148712e-02 1.276050060987472534e-01 1.793660037219524384e-02
-6.663300096988677979e-02 1.538310050964355469e-01 3.087029978632926941e-02
-4.364179819822311401e-02 1.694380044937133789e-01 -5.502259824424982071e-03
-5.727589875459671021e-02 4.324299842119216919e-02 4.286200180649757385e-02
-7.637730240821838379e-02 1.572210043668746948e-01 -1.688889972865581512e-02
-4.344610124826431274e-02 1.560499966144561768e-01 6.157950032502412796e-03
-4.271180182695388794e-02 4.216450080275535583e-02 4.270039871335029602e-02
-2.542009949684143066e-02 8.866219967603683472e-02 5.038269981741905212e-02
-1.417899969965219498e-02 1.262699961662292480e-01 2.664170041680335999e-02
-8.825819939374923706e-02 8.986870199441909790e-02 6.966250017285346985e-03
-6.886950135231018066e-02 1.577730029821395874e-01 -6.875929888337850571e-03
-6.796760112047195435e-02 1.428769975900650024e-01 -7.576430216431617737e-03
1.885380037128925323e-02 1.062930002808570862e-01 4.169020056724548340e-02
-3.648699820041656494e-02 1.712249964475631714e-01 5.450369790196418762e-04
-6.643520295619964600e-02 1.171979978680610657e-01 -9.871610440313816071e-03
-6.826060265302658081e-02 1.703979969024658203e-01 -4.369949921965599060e-02
-9.092500060796737671e-02 1.460500061511993408e-01 1.903820037841796875e-02
6.786219775676727295e-03 1.158410012722015381e-01 3.880770131945610046e-02
3.101390041410923004e-02 9.306959807872772217e-02 -1.779799908399581909e-02
5.697600077837705612e-03 1.058899983763694763e-01 4.355109855532646179e-02
-7.065189629793167114e-02 1.306300014257431030e-01 5.024969950318336487e-02
5.974600091576576233e-03 1.308580040931701660e-01 5.794790107756853104e-03
1.842170022428035736e-02 4.231819882988929749e-02 4.247700050473213196e-02
1.478760037571191788e-02 9.097470343112945557e-02 5.096580088138580322e-02
-5.982319824397563934e-03 1.154090017080307007e-01 4.020269960165023804e-02
-8.113119751214981079e-02 1.179720014333724976e-01 -3.594530047848820686e-03
-7.870320230722427368e-02 1.442739963531494141e-01 -3.890519961714744568e-03
5.819879937916994095e-03 1.062259972095489502e-01 -2.089679986238479614e-02
-1.927609927952289581e-02 1.198529973626136780e-01 3.280609846115112305e-02
-5.931159947067499161e-03 1.302150040864944458e-01 5.954000167548656464e-03
-8.933220058679580688e-02 1.427450031042098999e-01 2.903259918093681335e-02
-7.625380065292119980e-03 1.232730001211166382e-01 -9.815550409257411957e-03
-6.922630220651626587e-02 1.789219975471496582e-01 -5.427429825067520142e-02
-2.987569943070411682e-02 1.242519989609718323e-01 2.096739970147609711e-02
-8.482660353183746338e-02 1.489869952201843262e-01 3.276969864964485168e-02
-8.885160088539123535e-02 9.097229689359664917e-02 1.790340058505535126e-02
-3.058790042996406555e-02 1.223839968442916870e-01 -6.357709877192974091e-03
-3.071979992091655731e-02 1.179890036582946777e-01 3.061660006642341614e-02
-7.806120067834854126e-02 1.206530034542083740e-01 5.139990150928497314e-02
3.327139839529991150e-02 1.084979996085166931e-01 -7.431949954479932785e-03
-6.771119683980941772e-02 9.289179742336273193e-02 -1.688140071928501129e-02
-7.566600292921066284e-02 9.118170291185379028e-02 -1.369670033454895020e-02
-8.242200314998626709e-02 9.511210024356842041e-02 3.108780086040496826e-02
-8.569840341806411743e-02 1.369030028581619263e-01 1.921219984069466591e-03
-2.928039990365505219e-02 4.177470132708549500e-02 5.139699950814247131e-02
-1.773199997842311859e-02 4.238640144467353821e-02 5.168399959802627563e-02
-6.569869816303253174e-02 1.710070073604583740e-01 -5.664400011301040649e-02
-2.985230088233947754e-02 1.709049940109252930e-01 -1.656089909374713898e-02
-5.625019967555999756e-02 1.350129991769790649e-01 3.304550051689147949e-02
-6.661269813776016235e-02 1.330209970474243164e-01 4.470440000295639038e-02
-4.253790155053138733e-02 1.554410010576248169e-01 -7.493529934436082840e-03
-5.453079938888549805e-02 7.146029919385910034e-02 3.970419988036155701e-02
-4.131589829921722412e-02 9.069229662418365479e-02 -2.258810028433799744e-02
-1.728760078549385071e-02 9.217739850282669067e-02 5.362119898200035095e-02
-5.981190130114555359e-03 9.403079748153686523e-02 5.426429957151412964e-02
4.237240180373191833e-02 6.725630164146423340e-02 2.958009950816631317e-02
2.857409976422786713e-02 1.169089972972869873e-01 -3.917720168828964233e-03
-3.318110108375549316e-02 4.507439956068992615e-02 4.511459916830062866e-02
-5.394019931554794312e-02 1.185659989714622498e-01 3.537309914827346802e-02
4.227240011096000671e-02 7.955460250377655029e-02 -5.794609896838665009e-03
2.972730062901973724e-02 4.255019873380661011e-02 3.049750067293643951e-02
-3.156390041112899780e-02 9.593310207128524780e-02 -2.368010021746158600e-02
3.818039968609809875e-02 1.051210016012191772e-01 2.669470012187957764e-02
-2.849880047142505646e-02 9.049200266599655151e-02 -2.908539958298206329e-02
-1.731890067458152771e-02 4.379419982433319092e-02 4.326950013637542725e-02
3.767539979889988899e-03 4.775509983301162720e-02 5.020369961857795715e-02
4.326729848980903625e-02 4.582909867167472839e-02 2.782510034739971161e-02
-2.333219908177852631e-02 1.812389940023422241e-01 -1.128930039703845978e-02
-5.625800229609012604e-03 5.650379881262779236e-02 5.388180166482925415e-02
5.294309929013252258e-03 5.567980185151100159e-02 5.328809842467308044e-02
-8.832190185785293579e-02 1.057569980621337891e-01 1.729829981923103333e-02
-5.663739889860153198e-02 4.701840132474899292e-02 3.058090060949325562e-02
-2.962430007755756378e-02 5.431880056858062744e-02 3.989509865641593933e-02
-5.974070169031620026e-03 1.058970019221305847e-01 4.406689852476119995e-02
-2.141219936311244965e-02 5.469759926199913025e-02 4.464099928736686707e-02
-1.614880003035068512e-02 5.743629857897758484e-02 5.090399831533432007e-02
-5.683049932122230530e-02 1.463920027017593384e-01 -2.642600098624825478e-03
-9.314659982919692993e-02 1.190669983625411987e-01 1.799480058252811432e-02
-6.186199933290481567e-02 1.584170013666152954e-01 -2.930260077118873596e-02
-8.558580279350280762e-02 1.068399995565414429e-01 2.172899991273880005e-02
3.366420045495033264e-02 5.405430123209953308e-02 3.508409857749938965e-02
4.277100041508674622e-02 5.603510141372680664e-02 3.155900165438652039e-02
-4.345890134572982788e-02 1.171910017728805542e-01 3.170439973473548889e-02
-6.809619814157485962e-02 1.567209959030151367e-01 -4.261739924550056458e-02
2.723840065300464630e-02 1.031560003757476807e-01 3.970580175518989563e-02
-2.939319983124732971e-02 1.785359978675842285e-01 -1.455629989504814148e-02
-7.626970112323760986e-02 9.122449904680252075e-02 3.834189847111701965e-02
-1.912849955260753632e-02 9.859520196914672852e-02 4.566759988665580750e-02
-5.309100076556205750e-02 5.674019828438758850e-02 2.939629927277565002e-02
-4.319779947400093079e-02 5.557769909501075745e-02 3.908380120992660522e-02
-8.330550044775009155e-02 1.156430020928382874e-01 4.682800173759460449e-02
1.443449966609477997e-02 1.270810067653656006e-01 2.629699930548667908e-02
-3.889130055904388428e-02 1.237609982490539551e-01 2.497779950499534607e-02
-5.943590030074119568e-02 1.199050024151802063e-01 3.997559845447540283e-02
-7.023320347070693970e-02 1.542620062828063965e-01 -3.124010004103183746e-02
-5.744729936122894287e-02 1.525759994983673096e-01 2.845080010592937469e-02
-4.800380021333694458e-02 5.636600032448768616e-02 3.626630082726478577e-02
-1.072620041668415070e-02 1.796620041131973267e-01 -2.774720080196857452e-02
-8.822929859161376953e-02 1.060660034418106079e-01 8.467559702694416046e-03
-7.899399846792221069e-02 1.539839953184127808e-01 6.518620066344738007e-03
-2.956750057637691498e-02 1.260720044374465942e-01 1.463379990309476852e-02
-8.173560351133346558e-02 1.543900072574615479e-01 1.773319952189922333e-02
-7.954689860343933105e-02 1.041940003633499146e-01 -6.202740129083395004e-03
-2.486079931259155273e-02 1.229130029678344727e-01 2.454289980232715607e-02
-6.644160300493240356e-02 1.599570065736770630e-01 -5.337129905819892883e-02
-7.848779857158660889e-02 7.052829861640930176e-02 1.744610071182250977e-02
-9.671010076999664307e-03 1.732250005006790161e-01 -2.649449929594993591e-02
-5.662839859724044800e-02 5.470310151576995850e-02 7.445630151778459549e-03
-1.840149983763694763e-02 1.222189962863922119e-01 -7.751340046525001526e-03
-6.959520280361175537e-02 1.464120000600814819e-01 -1.803199946880340576e-02
-4.125170037150382996e-02 1.231959983706474304e-01 -9.580870158970355988e-03
-6.849720329046249390e-02 1.481940001249313354e-01 -2.872600033879280090e-02
-5.400360003113746643e-02 5.554300174117088318e-02 1.776739954948425293e-02
-1.692030020058155060e-02 6.821680068969726562e-02 5.314990133047103882e-02
-6.072210147976875305e-03 6.771019846200942993e-02 5.645009875297546387e-02
7.087280042469501495e-03 6.732179969549179077e-02 5.533690005540847778e-02
-1.431739982217550278e-02 1.169710010290145874e-01 3.783600032329559326e-02
5.389229953289031982e-02 5.575469881296157837e-02 2.662440016865730286e-02
5.178549792617559433e-03 9.317380189895629883e-02 5.358729884028434753e-02
-4.310379922389984131e-02 6.743880361318588257e-02 4.077370092272758484e-02
-2.930689975619316101e-02 6.807330250740051270e-02 4.101600125432014465e-02
-3.795550018548965454e-02 1.619540005922317505e-01 -1.280209980905056000e-02
-5.611649900674819946e-02 6.543289870023727417e-02 3.419790044426918030e-02
-7.617069780826568604e-02 1.555590033531188965e-01 -5.927199963480234146e-03
-5.521810054779052734e-02 1.225060001015663147e-01 -9.464880451560020447e-03
1.770040020346641541e-02 1.059829965233802795e-01 -1.861380040645599365e-02
5.345829948782920837e-02 6.563749909400939941e-02 2.643360011279582977e-02
-8.691520243883132935e-02 9.441559761762619019e-02 2.931179944425821304e-03
-7.642570137977600098e-02 1.617069989442825317e-01 -2.975169941782951355e-02
-4.409589990973472595e-02 1.274529993534088135e-01 -3.278749994933605194e-03
-3.129189833998680115e-02 7.982979714870452881e-02 4.349439963698387146e-02
-5.494479835033416748e-02 1.063480004668235779e-01 -1.856249943375587463e-02
-7.237350195646286011e-02 1.100569963455200195e-01 -9.432570077478885651e-03
-5.536590144038200378e-02 9.198290109634399414e-02 -2.117829956114292145e-02
-4.880909994244575500e-02 6.601270288228988647e-02 3.739589825272560120e-02
-4.730860143899917603e-02 1.451559960842132568e-01 6.884689908474683762e-03
-8.039130270481109619e-02 1.296339929103851318e-01 -4.697550088167190552e-03
-4.180200025439262390e-02 1.059340015053749084e-01 -1.986920088529586792e-02
-6.321390159428119659e-03 9.316519647836685181e-02 -3.289350122213363647e-02
-5.970539990812540054e-03 1.061379984021186829e-01 -2.222819998860359192e-02
-2.948269993066787720e-02 1.582929939031600952e-01 -6.192659959197044373e-03
-1.779530011117458344e-02 1.062889993190765381e-01 -2.177710086107254028e-02
-8.852609992027282715e-02 1.378390043973922729e-01 3.939640149474143982e-02
-6.749349832534790039e-02 1.283919960260391235e-01 -8.634709753096103668e-03
4.636929929256439209e-02 7.151280343532562256e-02 2.167540043592453003e-02
-4.095650091767311096e-02 1.171680018305778503e-01 -1.458089984953403473e-02
-1.066560018807649612e-02 1.675409972667694092e-01 -1.990129984915256500e-02
-5.325470119714736938e-02 1.574559956789016724e-01 -2.818959997966885567e-03
5.309879779815673828e-03 9.331289678812026978e-02 -3.018520027399063110e-02
-7.734359800815582275e-02 7.272259891033172607e-02 2.665459923446178436e-02
-6.250870227813720703e-02 1.499339938163757324e-01 -1.503190025687217712e-02
-6.880140304565429688e-02 6.857260316610336304e-02 3.066490031778812408e-02
-5.452520027756690979e-02 8.084779977798461914e-02 -2.017069980502128601e-02
-4.367680102586746216e-02 7.891599833965301514e-02 4.288550093770027161e-02
-1.857480034232139587e-02 7.897029817104339600e-02 5.573530122637748718e-02
-5.999930202960968018e-03 7.945480197668075562e-02 5.780079960823059082e-02
7.064850069582462311e-03 8.119170367717742920e-02 5.581869930028915405e-02
-8.502689749002456665e-02 1.460340023040771484e-01 5.859539844095706940e-03
3.701110184192657471e-02 1.103970035910606384e-01 2.652940107509493828e-03
-6.830839812755584717e-02 8.033160120248794556e-02 4.071089997887611389e-02
-5.589399859309196472e-02 7.925940304994583130e-02 4.353350028395652771e-02
3.814560174942016602e-02 8.810559660196304321e-02 -1.386750023812055588e-02
-6.428369879722595215e-02 3.964180126786231995e-02 3.962400183081626892e-02
-6.986960023641586304e-02 1.685360074043273926e-01 -3.133190050721168518e-02
-6.179599836468696594e-02 1.557410061359405518e-01 -2.079229988157749176e-02
-6.228480115532875061e-02 1.623599976301193237e-01 -3.962880000472068787e-02
-6.868640333414077759e-02 9.237039834260940552e-02 4.219780117273330688e-02
-4.935299977660179138e-02 1.392980068922042847e-01 1.479549985378980637e-02
-7.841770350933074951e-02 1.101260036230087280e-01 4.178860038518905640e-02
1.794159971177577972e-02 7.927469909191131592e-02 5.188620090484619141e-02
5.327320192009210587e-03 1.236609965562820435e-01 -9.971049614250659943e-03
-5.567739903926849365e-02 9.352059662342071533e-02 4.420699924230575562e-02
-4.319240152835845947e-02 9.211540222167968750e-02 4.326890036463737488e-02
-2.986259944736957550e-02 9.401240199804306030e-02 4.448049888014793396e-02
2.059550024569034576e-02 8.711300045251846313e-02 4.923250153660774231e-02
1.720999926328659058e-02 1.276630014181137085e-01 5.125930067151784897e-03
-2.901249937713146210e-02 1.067190021276473999e-01 -2.074790000915527344e-02
1.854429952800273895e-02 9.481120109558105469e-02 4.775869846343994141e-02
-5.886760074645280838e-03 1.166220009326934814e-01 -1.600489951670169830e-02
-5.281909927725791931e-02 1.626490056514739990e-01 2.967109903693199158e-03
3.580779954791069031e-02 9.585940092802047729e-02 -1.203280035406351089e-02
-9.120640158653259277e-02 1.314149945974349976e-01 2.953070029616355896e-02
-6.787399947643280029e-02 1.069519966840744019e-01 4.037249833345413208e-02
-4.416359961032867432e-02 1.049180030822753906e-01 4.017059877514839172e-02
7.495860103517770767e-03 9.835000336170196533e-02 4.882549867033958435e-02
-5.549610033631324768e-02 1.038980036973953247e-01 4.114050045609474182e-02
-6.690440326929092407e-02 1.157170012593269348e-01 4.734789952635765076e-02
-5.015239864587783813e-02 1.403259932994842529e-01 2.588179893791675568e-03
-5.545080080628395081e-02 1.324200034141540527e-01 -4.854450002312660217e-03
-1.475199963897466660e-02 1.818969994783401489e-01 -2.627810090780258179e-02
-2.955799922347068787e-02 1.617829948663711548e-01 -1.433680020272731781e-02
-5.618539825081825256e-02 1.112769991159439087e-01 3.737130016088485718e-02
-4.098400101065635681e-02 1.104959994554519653e-01 3.708830103278160095e-02
-3.200550004839897156e-02 1.104680001735687256e-01 3.704379871487617493e-02
2.500329911708831787e-02 1.106109991669654846e-01 3.684590011835098267e-02
-4.698700085282325745e-02 1.474339962005615234e-01 -2.225359901785850525e-03
-1.834069937467575073e-02 3.523619845509529114e-02 5.079380050301551819e-02
-1.784059964120388031e-02 1.704840064048767090e-01 -1.811430044472217560e-02
-5.694720149040222168e-02 3.494159877300262451e-02 4.237170144915580750e-02
5.833390168845653534e-03 3.510760143399238586e-02 4.209139943122863770e-02
-4.280240088701248169e-02 3.515740111470222473e-02 4.168720170855522156e-02
-6.646200269460678101e-02 1.047770008444786072e-01 -1.485820021480321884e-02
2.574519999325275421e-02 4.591370001435279846e-02 3.811850026249885559e-02
3.794509917497634888e-02 8.171670138835906982e-02 -1.415469963103532791e-02
-8.442620187997817993e-02 7.977139949798583984e-02 1.863319985568523407e-02
5.325039848685264587e-02 4.758999869227409363e-02 1.819030009210109711e-02
1.864239946007728577e-02 5.360350012779235840e-02 4.621500149369239807e-02
7.325150072574615479e-03 1.182430014014244080e-01 -1.530119962990283966e-02
-3.147039934992790222e-02 1.570660024881362915e-01 9.762159897945821285e-04
2.862289920449256897e-02 5.687600001692771912e-02 4.076350107789039612e-02
5.815910175442695618e-02 5.500160157680511475e-02 1.802540011703968048e-02
1.686399988830089569e-02 8.993499726057052612e-02 -2.691040001809597015e-02
1.457780040800571442e-02 5.857690051198005676e-02 5.016909912228584290e-02
3.672479838132858276e-02 9.181839972734451294e-02 3.662480041384696960e-02
-1.988009922206401825e-02 1.664039939641952515e-01 -1.126990001648664474e-02
1.502939965575933456e-02 6.773570179939270020e-02 5.206710100173950195e-02
2.105239965021610260e-02 6.811609864234924316e-02 4.843460023403167725e-02
2.987759932875633240e-02 6.799360364675521851e-02 4.191720113158226013e-02
3.683580085635185242e-02 6.784950196743011475e-02 3.664100170135498047e-02
5.747479945421218872e-02 6.822180002927780151e-02 1.714250072836875916e-02
3.168420121073722839e-02 7.850869745016098022e-02 -1.920799911022186279e-02
-7.602710276842117310e-02 1.757040023803710938e-01 -5.069369822740554810e-02
-6.553959846496582031e-02 6.078850105404853821e-02 1.757070049643516541e-02
-8.060260117053985596e-02 8.144699782133102417e-02 3.065159916877746582e-02
1.897490024566650391e-02 1.215059980750083923e-01 -6.945650093257427216e-03
3.068399988114833832e-02 7.954610139131546021e-02 4.315070062875747681e-02
3.718879818916320801e-02 7.924839854240417480e-02 3.679370135068893433e-02
4.193659871816635132e-02 7.959110289812088013e-02 2.959110029041767120e-02
4.603200033307075500e-02 7.936940342187881470e-02 1.776940003037452698e-02
-7.879210263490676880e-02 7.077729701995849609e-02 6.855850107967853546e-03
-2.939870022237300873e-02 1.159169971942901611e-01 -1.470649987459182739e-02
-8.699239790439605713e-02 1.135179996490478516e-01 4.104089923202991486e-03
-1.421859953552484512e-02 1.740130037069320679e-01 -2.598069980740547180e-02
1.747949980199337006e-02 3.521310165524482727e-02 -5.928560160100460052e-03
1.621410064399242401e-02 3.584749996662139893e-02 -1.621310040354728699e-02
1.932479999959468842e-02 3.583220019936561584e-02 3.132060170173645020e-02
4.355439916253089905e-02 4.111009836196899414e-02 5.799159873276948929e-03
2.261910028755664825e-02 4.060519859194755554e-02 -7.935440167784690857e-03
1.913480088114738464e-02 4.278200119733810425e-02 -1.920950040221214294e-02
4.146330058574676514e-02 4.563010111451148987e-02 -3.545129904523491859e-03
4.369249939918518066e-02 4.119680076837539673e-02 1.772000081837177277e-02
5.128720030188560486e-02 4.639590159058570862e-02 5.805309861898422241e-03
2.857770025730133057e-02 1.051810011267662048e-01 -1.423809956759214401e-02
3.067480027675628662e-02 4.451239854097366333e-02 -6.179930176585912704e-03
-1.841180026531219482e-02 9.480589628219604492e-02 -3.074339963495731354e-02
-3.154839947819709778e-02 3.430230170488357544e-02 -2.840810082852840424e-02
2.603809908032417297e-02 4.759019985795021057e-02 -1.657940074801445007e-02
5.541969835758209229e-02 6.863780319690704346e-02 5.896530114114284515e-03
5.203739926218986511e-02 5.507300049066543579e-02 -2.481600036844611168e-03
5.673750117421150208e-02 5.422240123152732849e-02 5.124830175191164017e-03
4.280490055680274963e-02 5.532860010862350464e-02 -6.047040224075317383e-03
-6.200369819998741150e-02 1.674219965934753418e-01 -5.271650105714797974e-02
3.411279991269111633e-02 5.417760089039802551e-02 -9.483460336923599243e-03
2.951800078153610229e-02 5.605639889836311340e-02 -1.758749969303607941e-02
-1.778870075941085815e-02 1.159109994769096375e-01 -1.578379981219768524e-02
-4.178379848599433899e-02 3.576020151376724243e-02 -2.641070075333118439e-02
-5.189389921724796295e-03 4.304600134491920471e-02 -2.733330056071281433e-02
-6.640589982271194458e-02 3.436490148305892944e-02 -4.166679922491312027e-03
4.754139855504035950e-02 7.121740281581878662e-02 5.426169838756322861e-03
2.491380088031291962e-02 8.251629769802093506e-02 -2.458770014345645905e-02
-2.990240044891834259e-02 4.260310158133506775e-02 -2.831790037453174591e-02
2.181209996342658997e-02 5.158650130033493042e-02 -2.364920079708099365e-02
-2.715370059013366699e-02 3.516079857945442200e-02 5.092670023441314697e-02
1.611809991300106049e-02 1.156300008296966553e-01 -1.454509980976581573e-02
3.173800185322761536e-02 6.799829751253128052e-02 -1.835319958627223969e-02
4.182260110974311829e-02 6.752009689807891846e-02 -5.515549797564744949e-03
5.148709937930107117e-02 6.372790038585662842e-02 -1.747939968481659889e-03
-8.933030068874359131e-02 1.283089965581893921e-01 4.280230030417442322e-02
4.593849927186965942e-02 7.963070273399353027e-02 5.796319805085659027e-03
-7.054329663515090942e-02 1.498969942331314087e-01 -3.873189911246299744e-02
-4.296170175075531006e-02 4.302420094609260559e-02 -1.762880012392997742e-02
-7.196769863367080688e-02 1.778479963541030884e-01 -4.746039956808090210e-02
-7.605289667844772339e-02 1.776510030031204224e-01 -4.714569821953773499e-02
3.041730076074600220e-02 1.184950023889541626e-01 5.738140083849430084e-03
-7.714509963989257812e-02 1.677059978246688843e-01 -2.987979911267757416e-02
2.026679925620555878e-02 9.286099672317504883e-02 -2.373629994690418243e-02
-2.548149973154067993e-02 7.986970245838165283e-02 5.105460062623023987e-02
-6.505409628152847290e-02 3.532589972019195557e-02 1.622370071709156036e-02
-6.476759910583496094e-02 3.507919982075691223e-02 2.944809943437576294e-02
-6.442669779062271118e-02 4.145909845829010010e-02 3.044760040938854218e-02
-6.431999802589416504e-02 3.522609919309616089e-02 3.879139944911003113e-02
-6.759999692440032959e-02 3.402990102767944336e-02 5.904910154640674591e-03
-6.795340031385421753e-02 4.185879975557327271e-02 6.683940067887306213e-03
-5.734970048069953918e-02 4.315479844808578491e-02 2.002290077507495880e-02
-6.346320360898971558e-02 4.143210127949714661e-02 1.420519966632127762e-02
-5.941300094127655029e-02 4.713819921016693115e-02 6.285380106419324875e-03
-2.338339947164058685e-02 6.564159691333770752e-02 4.509760066866874695e-02
-6.353799998760223389e-02 7.166499644517898560e-02 3.794629871845245361e-02
-1.930359937250614166e-02 8.101280033588409424e-02 -3.843180090188980103e-02
-4.272060096263885498e-02 3.435570001602172852e-02 -1.913020014762878418e-02
-6.902370136231184006e-03 3.463999927043914795e-02 -2.021710015833377838e-02
-6.567870080471038818e-02 4.083320125937461853e-02 -4.017930012196302414e-03
-3.839069977402687073e-02 4.192179813981056213e-02 -2.640390023589134216e-02
-5.565850064158439636e-02 4.328659921884536743e-02 -7.588339969515800476e-03
-4.167849943041801453e-02 4.202760010957717896e-02 -9.996790438890457153e-03
-3.222940117120742798e-02 4.465930163860321045e-02 -1.674989983439445496e-02
-3.073850087821483612e-02 5.633069947361946106e-02 -1.851700060069561005e-02
-4.290260002017021179e-02 5.618970096111297607e-02 -1.130430027842521667e-02
-5.502849817276000977e-02 5.665570124983787537e-02 -5.313749890774488449e-03
-2.618579939007759094e-02 5.688359960913658142e-02 -2.826940082013607025e-02
-5.521890148520469666e-02 1.174610033631324768e-01 -1.337440032511949539e-02
-1.906579919159412384e-02 5.466949939727783203e-02 -3.186459839344024658e-02
-6.876289844512939453e-02 6.866940110921859741e-02 -6.549410056322813034e-03
-7.305040210485458374e-02 6.542000174522399902e-02 5.528590176254510880e-03
-2.072340063750743866e-02 6.727930158376693726e-02 -3.655299916863441467e-02
-2.907920069992542267e-02 6.742600351572036743e-02 -2.905209921300411224e-02
-3.280559927225112915e-02 6.646370142698287964e-02 -1.952150091528892517e-02
-1.776080019772052765e-02 3.433189913630485535e-02 -2.591419965028762817e-02
-7.736869901418685913e-02 7.325710356235504150e-02 -4.097709897905588150e-03
1.516159996390342712e-02 1.261039972305297852e-01 -2.663949970155954361e-03
-8.452550321817398071e-02 8.005719631910324097e-02 5.307020153850317001e-03
-7.935170084238052368e-02 7.985589653253555298e-02 -6.405650172382593155e-03
-3.097279928624629974e-02 7.947009801864624023e-02 -3.124750033020973206e-02
-3.551439940929412842e-02 8.180099725723266602e-02 -2.268869988620281219e-02
-6.814099848270416260e-02 8.012270182371139526e-02 -1.642780005931854248e-02
-5.129320174455642700e-02 3.422699868679046631e-02 -1.290129963308572769e-02
1.619240082800388336e-02 8.047900348901748657e-02 -2.921739965677261353e-02
-1.444779988378286362e-02 8.792740106582641602e-02 -3.802970051765441895e-02
-1.731570065021514893e-02 4.326739907264709473e-02 -2.829059958457946777e-02
-1.933280006051063538e-02 9.792509675025939941e-02 -2.479200065135955811e-02
-5.554790049791336060e-02 3.368160128593444824e-02 -6.190130021423101425e-03
7.026270031929016113e-03 9.784179925918579102e-02 -2.460549958050251007e-02
-1.488920021802186966e-02 1.260679960250854492e-01 -2.521259943023324013e-03
1.752050034701824188e-02 5.521139875054359436e-02 -2.727559953927993774e-02
-9.536609984934329987e-03 7.941039651632308960e-02 -3.798589855432510376e-02
5.242660176008939743e-03 3.913360089063644409e-02 -2.194700017571449280e-02
1.756530068814754486e-02 6.793390214443206787e-02 -2.893880009651184082e-02
-5.790700204670429230e-03 1.280770003795623779e-01 -2.851050114259123802e-03
6.265560165047645569e-03 1.280470043420791626e-01 -3.170500043779611588e-03
5.599789787083864212e-03 3.466039896011352539e-02 -1.793180033564567566e-02
2.982399985194206238e-02 3.591420128941535950e-02 4.889769945293664932e-03
6.251929793506860733e-03 4.596230015158653259e-02 -2.637819945812225342e-02
1.432530023157596588e-02 4.734839871525764465e-02 -2.515129931271076202e-02
6.040859967470169067e-03 5.550729855895042419e-02 -3.043139912188053131e-02
-6.134130060672760010e-03 5.463720113039016724e-02 -3.263499960303306580e-02
-3.466939926147460938e-02 5.712400004267692566e-02 -1.149529963731765747e-02
-6.845430005341768265e-03 6.797420233488082886e-02 -3.594059869647026062e-02
5.655799992382526398e-03 6.762369722127914429e-02 -3.291989862918853760e-02
-5.697320029139518738e-02 6.516280025243759155e-02 -9.582189843058586121e-03
-4.227960109710693359e-02 6.999439746141433716e-02 -1.614630036056041718e-02
-1.757190003991127014e-02 7.054729759693145752e-02 -3.822610154747962952e-02
-5.558599904179573059e-02 7.229830324649810791e-02 -1.612179912626743317e-02
-6.378839910030364990e-02 7.126969844102859497e-02 -1.385349966585636139e-02
5.685610231012105942e-03 7.905469834804534912e-02 -3.391889855265617371e-02
-3.384290030226111412e-03 8.045110106468200684e-02 -3.672260046005249023e-02
-2.489879913628101349e-02 8.150040358304977417e-02 -3.710779920220375061e-02
-4.125130176544189453e-02 7.913780212402343750e-02 -1.977460086345672607e-02
-7.358189672231674194e-02 7.770259678363800049e-02 -1.220230013132095337e-02
-1.806199923157691956e-02 3.526270017027854919e-02 -1.954009942710399628e-02
-3.157699853181838989e-02 3.584869951009750366e-02 -1.796690002083778381e-02
-6.020340137183666229e-03 3.812370076775550842e-02 -1.451839972287416458e-02
-1.778109930455684662e-02 3.825460001826286316e-02 -1.545029971748590469e-02
7.534469943493604660e-03 3.555959835648536682e-02 -6.500630173832178116e-03
4.304369911551475525e-03 3.840170055627822876e-02 -7.175399921834468842e-03
-5.939349997788667679e-03 3.894799947738647461e-02 -5.921289790421724319e-03
-1.761420071125030518e-02 3.860550001263618469e-02 -5.845080129802227020e-03
-4.303079843521118164e-02 3.413910046219825745e-02 -5.659719929099082947e-03
1.892220042645931244e-02 3.510760143399238586e-02 4.997690208256244659e-03
-2.991290017962455750e-02 3.839119896292686462e-02 -5.826769862323999405e-03
5.120660178363323212e-03 3.483980149030685425e-02 5.584979895502328873e-03
1.035279943607747555e-03 3.759169951081275940e-02 9.522219770587980747e-04
-5.847140215337276459e-03 3.834189847111701965e-02 5.908030085265636444e-03
-4.246209934353828430e-02 3.431440144777297974e-02 5.905969999730587006e-03
-1.787300035357475281e-02 3.831660002470016479e-02 5.994710139930248260e-03
2.866199985146522522e-02 3.584109991788864136e-02 1.874960027635097504e-02
-5.502599850296974182e-02 3.362039849162101746e-02 5.838159937411546707e-03
-2.847330085933208466e-02 3.814889863133430481e-02 4.418530035763978958e-03
-9.470059885643422604e-04 3.573739901185035706e-02 1.034689974039793015e-02
1.932240091264247894e-02 3.518139943480491638e-02 1.966159977018833160e-02
-3.423250094056129456e-02 3.375900164246559143e-02 7.175169885158538818e-03
5.360220093280076981e-03 3.459560126066207886e-02 1.798710040748119354e-02
-3.857139963656663895e-04 3.514590114355087280e-02 1.341709960252046585e-02
3.341190144419670105e-02 3.761789947748184204e-02 2.100819908082485199e-02
-5.897909868508577347e-03 3.817820176482200623e-02 1.770620048046112061e-02
-3.524449840188026428e-02 3.505710139870643616e-02 1.782570034265518188e-02
-1.780780032277107239e-02 3.819619864225387573e-02 1.781140081584453583e-02
-2.618980035185813904e-02 3.775919973850250244e-02 1.770439930260181427e-02
-5.632470175623893738e-02 3.367619961500167847e-02 1.752649992704391479e-02
1.141140004619956017e-03 3.766100108623504639e-02 2.234140038490295410e-02
1.002530008554458618e-02 3.550289943814277649e-02 2.965600043535232544e-02
5.501269828528165817e-03 3.855559974908828735e-02 2.966089919209480286e-02
-5.965809803456068039e-03 3.889460116624832153e-02 2.992519922554492950e-02
-3.307449817657470703e-02 3.552170097827911377e-02 2.922360040247440338e-02
-2.777170017361640930e-02 3.825629875063896179e-02 3.228649869561195374e-02
-1.790910027921199799e-02 3.859020024538040161e-02 2.961670048534870148e-02
-4.194039851427078247e-02 3.436980023980140686e-02 2.996679954230785370e-02
1.524300035089254379e-02 3.561159968376159668e-02 4.126920178532600403e-02
-5.543009936809539795e-02 3.425550088286399841e-02 2.979519963264465332e-02
-6.605149805545806885e-02 6.111440062522888184e-02 5.855480208992958069e-03
-6.549119949340820312e-03 3.503720089793205261e-02 4.539589956402778625e-02
-3.078260086476802826e-02 3.475959971547126770e-02 4.329590126872062683e-02
-1.808339916169643402e-02 3.481420129537582397e-02 4.587719962000846863e-02
