9.687783718109130859e-01 1.126304030418395996e+00 1.005149245262145996e+00
9.553226232528686523e-01 1.131204009056091309e+00 1.005704760551452637e+00
9.316989183425903320e-01 1.144827961921691895e+00 1.041368842124938965e+00
9.939990639686584473e-01 1.130398035049438477e+00 1.017898559570312500e+00
9.826431870460510254e-01 1.127612948417663574e+00 1.005268812179565430e+00
1.033051252365112305e+00 1.107033967971801758e+00 1.031954288482666016e+00
1.040087342262268066e+00 1.105209946632385254e+00 1.017341852188110352e+00
9.698197841644287109e-01 1.106322050094604492e+00 1.039974451065063477e+00
1.030419349670410156e+00 1.118571996688842773e+00 1.018806815147399902e+00
9.359177947044372559e-01 1.159391045570373535e+00 9.830904006958007812e-01
1.044704556465148926e+00 1.092787742614746094e+00 1.005075812339782715e+00
9.683246016502380371e-01 1.170395016670227051e+00 9.936497807502746582e-01
9.151477217674255371e-01 1.134078025817871094e+00 1.047017693519592285e+00
9.311453104019165039e-01 1.122051954269409180e+00 1.051756858825683594e+00
1.005954742431640625e+00 1.131024003028869629e+00 1.017825245857238770e+00
1.040462851524353027e+00 1.105141997337341309e+00 1.006409764289855957e+00
1.038734197616577148e+00 1.102161049842834473e+00 9.953688979148864746e-01
9.085487127304077148e-01 1.134135961532592773e+00 1.017102599143981934e+00
9.181278944015502930e-01 1.107166051864624023e+00 1.031015992164611816e+00
9.327819943428039551e-01 1.156154990196228027e+00 1.017886281013488770e+00
9.204313158988952637e-01 1.152874946594238281e+00 1.029931068420410156e+00
1.005960106849670410e+00 1.122503995895385742e+00 1.034627199172973633e+00
9.483683109283447266e-01 1.145000934600830078e+00 1.018480420112609863e+00
9.220219254493713379e-01 1.132550001144409180e+00 1.051349401473999023e+00
9.940929412841796875e-01 1.127933979034423828e+00 1.027462244033813477e+00
9.520866870880126953e-01 1.129300951957702637e+00 1.026964545249938965e+00
9.175729751586914062e-01 1.092813372611999512e+00 9.944395422935485840e-01
1.017439961433410645e+00 1.127694010734558105e+00 1.018534779548645020e+00
9.093132019042968750e-01 1.120305061340332031e+00 1.006680369377136230e+00
9.705961942672729492e-01 1.179029941558837891e+00 9.921203851699829102e-01
9.202108979225158691e-01 1.143759965896606445e+00 1.042699456214904785e+00
9.817119836807250977e-01 1.108329057693481445e+00 1.041509747505187988e+00
9.797673821449279785e-01 1.181846022605895996e+00 9.816725850105285645e-01
9.622961282730102539e-01 1.167986989021301270e+00 9.869608879089355469e-01
1.005821585655212402e+00 1.128059983253479004e+00 1.027901649475097656e+00
9.564610719680786133e-01 1.130013942718505859e+00 1.017533302307128906e+00
1.018869876861572266e+00 1.119861960411071777e+00 1.032408952713012695e+00
9.559898972511291504e-01 1.167034983634948730e+00 1.002318978309631348e+00
9.101890325546264648e-01 1.132400989532470703e+00 1.007057428359985352e+00
9.426479935646057129e-01 1.144989013671875000e+00 1.031519651412963867e+00
1.044262170791625977e+00 1.093452572822570801e+00 1.017641663551330566e+00
1.041234254837036133e+00 1.092173099517822266e+00 1.028560280799865723e+00
9.436047077178955078e-01 1.154564976692199707e+00 1.016878008842468262e+00
9.793865084648132324e-01 1.159772992134094238e+00 9.928247928619384766e-01
9.270107150077819824e-01 1.065611600875854492e+00 1.018169283866882324e+00
9.326032996177673340e-01 1.155256032943725586e+00 1.005813837051391602e+00
9.095135927200317383e-01 1.118610978126525879e+00 1.041214823722839355e+00
1.027314186096191406e+00 1.117964982986450195e+00 1.028619050979614258e+00
1.041906952857971191e+00 1.091638565063476562e+00 9.944305419921875000e-01
9.297891259193420410e-01 1.165302991867065430e+00 9.805338978767395020e-01
9.938153028488159180e-01 1.122729063034057617e+00 1.034786939620971680e+00
1.030013799667358398e+00 1.093278646469116211e+00 1.042147636413574219e+00
9.824870824813842773e-01 1.162126064300537109e+00 9.854511022567749023e-01
9.236022830009460449e-01 1.171290993690490723e+00 9.588978886604309082e-01
9.145773053169250488e-01 1.105386018753051758e+00 1.003394842147827148e+00
1.037043094635009766e+00 1.110442996025085449e+00 1.020722866058349609e+00
9.934026598930358887e-01 1.042728543281555176e+00 1.046939134597778320e+00
1.006397962570190430e+00 1.043700575828552246e+00 1.046826004981994629e+00
9.440752863883972168e-01 1.157606005668640137e+00 1.006564497947692871e+00
9.088550806045532227e-01 1.118816018104553223e+00 1.029844164848327637e+00
9.404891133308410645e-01 1.128352046012878418e+00 1.039962649345397949e+00
9.823665022850036621e-01 1.127604961395263672e+00 1.017936587333679199e+00
9.333670139312744141e-01 1.153831005096435547e+00 1.030870318412780762e+00
9.563581943511962891e-01 1.169438004493713379e+00 9.944977164268493652e-01
9.427241086959838867e-01 1.043243050575256348e+00 1.042862057685852051e+00
9.236227273941040039e-01 1.157220959663391113e+00 9.831110835075378418e-01
9.565538763999938965e-01 1.156049966812133789e+00 1.006157994270324707e+00
9.572882056236267090e-01 1.042164444923400879e+00 1.042700409889221191e+00
9.745799303054809570e-01 1.088662147521972656e+00 1.050382733345031738e+00
9.858210086822509766e-01 1.126270055770874023e+00 1.026641726493835449e+00
9.117417931556701660e-01 1.089868664741516113e+00 1.006966233253479004e+00
9.311305284500122070e-01 1.157773017883300781e+00 9.931240677833557129e-01
9.320324063301086426e-01 1.142876982688903809e+00 9.924235939979553223e-01
1.018853783607482910e+00 1.106292963027954102e+00 1.041690230369567871e+00
9.635130167007446289e-01 1.171224951744079590e+00 1.000545024871826172e+00
9.335647821426391602e-01 1.117197990417480469e+00 9.901283979415893555e-01
9.317393898963928223e-01 1.170397996902465820e+00 9.563004970550537109e-01
9.090750217437744141e-01 1.146049976348876953e+00 1.019038200378417969e+00
1.006786227226257324e+00 1.115841031074523926e+00 1.038807749748229980e+00
1.031013846397399902e+00 1.093069553375244141e+00 9.822019934654235840e-01
1.005697607994079590e+00 1.105890035629272461e+00 1.043551087379455566e+00
9.293481111526489258e-01 1.130630016326904297e+00 1.050249695777893066e+00
1.005974650382995605e+00 1.130857944488525391e+00 1.005794763565063477e+00
1.018421649932861328e+00 1.042318224906921387e+00 1.042477011680603027e+00
1.014787554740905762e+00 1.090974688529968262e+00 1.050965785980224609e+00
9.940176606178283691e-01 1.115409016609191895e+00 1.040202736854553223e+00
9.188687801361083984e-01 1.117972016334533691e+00 9.964054822921752930e-01
9.212967753410339355e-01 1.144273996353149414e+00 9.961094856262207031e-01
1.005819916725158691e+00 1.106225967407226562e+00 9.791032075881958008e-01
9.807239174842834473e-01 1.119853019714355469e+00 1.032806158065795898e+00
9.940688610076904297e-01 1.130215048789978027e+00 1.005954027175903320e+00
9.106677770614624023e-01 1.142745018005371094e+00 1.029032588005065918e+00
9.923745989799499512e-01 1.123273015022277832e+00 9.901844263076782227e-01
9.307736754417419434e-01 1.178921937942504883e+00 9.457256793975830078e-01
9.701243042945861816e-01 1.124251961708068848e+00 1.020967364311218262e+00
9.151734113693237305e-01 1.148987054824829102e+00 1.032769680023193359e+00
9.111484289169311523e-01 1.090972304344177246e+00 1.017903447151184082e+00
9.694120883941650391e-01 1.122383952140808105e+00 9.936422705650329590e-01
9.692801833152770996e-01 1.117989063262939453e+00 1.030616641044616699e+00
9.219387769699096680e-01 1.120653033256530762e+00 1.051399946212768555e+00
1.033271431922912598e+00 1.108497977256774902e+00 9.925680756568908691e-01
9.322888255119323730e-01 1.092891812324523926e+00 9.831185936927795410e-01
9.243339896202087402e-01 1.091181755065917969e+00 9.863033294677734375e-01
9.175779819488525391e-01 1.095112085342407227e+00 1.031087756156921387e+00
9.143015742301940918e-01 1.136903047561645508e+00 1.001921176910400391e+00
9.707195758819580078e-01 1.041774749755859375e+00 1.051396965980529785e+00
9.822679758071899414e-01 1.042386412620544434e+00 1.051684021949768066e+00
9.343013167381286621e-01 1.171007037162780762e+00 9.433559775352478027e-01
9.701477289199829102e-01 1.170904994010925293e+00 9.834390878677368164e-01
9.437497854232788086e-01 1.135012984275817871e+00 1.033045530319213867e+00
9.333872795104980469e-01 1.133020997047424316e+00 1.044704437255859375e+00
9.574620723724365234e-01 1.155441045761108398e+00 9.925064444541931152e-01
9.454692006111145020e-01 1.071460247039794922e+00 1.039704203605651855e+00
9.586840867996215820e-01 1.090692281723022461e+00 9.774119257926940918e-01
9.827123880386352539e-01 1.092177391052246094e+00 1.053621172904968262e+00
9.940187931060791016e-01 1.094030857086181641e+00 1.054264307022094727e+00
1.042372345924377441e+00 1.067256331443786621e+00 1.029580116271972656e+00
1.028574109077453613e+00 1.116909027099609375e+00 9.960823059082031250e-01
9.668189287185668945e-01 1.045074343681335449e+00 1.045114636421203613e+00
9.460598230361938477e-01 1.118566036224365234e+00 1.035373091697692871e+00
1.042272448539733887e+00 1.079554557800292969e+00 9.942054152488708496e-01
1.029727339744567871e+00 1.042550206184387207e+00 1.030497550964355469e+00
9.684361219406127930e-01 1.095933079719543457e+00 9.763199090957641602e-01
1.038180351257324219e+00 1.105121016502380371e+00 1.026694655418395996e+00
9.715011715888977051e-01 1.090492010116577148e+00 9.709146022796630859e-01
9.826810956001281738e-01 1.043794155120849609e+00 1.043269515037536621e+00
1.003767490386962891e+00 1.047755122184753418e+00 1.050203680992126465e+00
1.043267250061035156e+00 1.045829057693481445e+00 1.027825117111206055e+00
9.766678214073181152e-01 1.181239008903503418e+00 9.887107014656066895e-01
9.943742156028747559e-01 1.056503772735595703e+00 1.053881764411926270e+00
1.005294322967529297e+00 1.055679798126220703e+00 1.053288102149963379e+00
9.116780757904052734e-01 1.105756998062133789e+00 1.017298340797424316e+00
9.433625936508178711e-01 1.047018408775329590e+00 1.030580878257751465e+00
9.703757166862487793e-01 1.054318785667419434e+00 1.039895057678222656e+00
9.940259456634521484e-01 1.105896949768066406e+00 1.044066905975341797e+00
9.785878062248229980e-01 1.054697632789611816e+00 1.044641017913818359e+00
9.838511943817138672e-01 1.057436347007751465e+00 1.050904035568237305e+00
9.431694746017456055e-01 1.146391987800598145e+00 9.973574280738830566e-01
9.068533778190612793e-01 1.119066953659057617e+00 1.017994761466979980e+00
9.381380081176757812e-01 1.158416986465454102e+00 9.706974029541015625e-01
9.144141674041748047e-01 1.106840014457702637e+00 1.021728992462158203e+00
1.033664226531982422e+00 1.054054260253906250e+00 1.035084128379821777e+00
1.042770981788635254e+00 1.056035041809082031e+00 1.031558990478515625e+00
9.565411210060119629e-01 1.117190957069396973e+00 1.031704425811767578e+00
9.319037795066833496e-01 1.156720995903015137e+00 9.573826193809509277e-01
1.027238368988037109e+00 1.103155970573425293e+00 1.039705753326416016e+00
9.706068038940429688e-01 1.178535938262939453e+00 9.854437112808227539e-01
9.237303137779235840e-01 1.091224551200866699e+00 1.038341879844665527e+00
9.808714985847473145e-01 1.098595142364501953e+00 1.045667648315429688e+00
9.469090104103088379e-01 1.056740164756774902e+00 1.029396295547485352e+00
9.568021893501281738e-01 1.055577754974365234e+00 1.039083838462829590e+00
9.166945219039916992e-01 1.115643024444580078e+00 1.046828031539916992e+00
1.014434456825256348e+00 1.127081036567687988e+00 1.026296973228454590e+00
9.611086845397949219e-01 1.123760938644409180e+00 1.024977803230285645e+00
9.405640959739685059e-01 1.119904994964599609e+00 1.039975643157958984e+00
9.297667741775512695e-01 1.154262065887451172e+00 9.687598943710327148e-01
9.425526857376098633e-01 1.152575969696044922e+00 1.028450846672058105e+00
9.519962072372436523e-01 1.056365966796875000e+00 1.036266326904296875e+00
9.892737865447998047e-01 1.179661989212036133e+00 9.722527861595153809e-01
9.117707014083862305e-01 1.106065988540649414e+00 1.008467555046081543e+00
9.210060238838195801e-01 1.153983950614929199e+00 1.006518602371215820e+00
9.704325199127197266e-01 1.126072049140930176e+00 1.014633774757385254e+00
9.182643890380859375e-01 1.154389977455139160e+00 1.017733216285705566e+00
9.204530715942382812e-01 1.104194045066833496e+00 9.937972426414489746e-01
9.751392006874084473e-01 1.122913002967834473e+00 1.024542927742004395e+00
9.335584044456481934e-01 1.159957051277160645e+00 9.466286897659301758e-01
9.215121865272521973e-01 1.070528268814086914e+00 1.017446041107177734e+00
9.903289675712585449e-01 1.173225045204162598e+00 9.735054969787597656e-01
9.433715939521789551e-01 1.054703116416931152e+00 1.007445573806762695e+00
9.815984964370727539e-01 1.122218966484069824e+00 9.922486543655395508e-01
9.304047822952270508e-01 1.146412014961242676e+00 9.819679856300354004e-01
9.587482810020446777e-01 1.123196005821228027e+00 9.904191493988037109e-01
9.315028190612792969e-01 1.148193955421447754e+00 9.712740182876586914e-01
9.459964036941528320e-01 1.055542945861816406e+00 1.017767429351806641e+00
9.830796718597412109e-01 1.068216800689697266e+00 1.053149938583374023e+00
9.939277768135070801e-01 1.067710161209106445e+00 1.056450128555297852e+00
1.007087230682373047e+00 1.067321777343750000e+00 1.055336952209472656e+00
9.856826066970825195e-01 1.116971015930175781e+00 1.037835955619812012e+00
1.053892254829406738e+00 1.055754661560058594e+00 1.026624441146850586e+00
1.005178570747375488e+00 1.093173742294311523e+00 1.053587317466735840e+00
9.568961858749389648e-01 1.067438840866088867e+00 1.040773749351501465e+00
9.706931114196777344e-01 1.068073272705078125e+00 1.041015982627868652e+00
9.620444774627685547e-01 1.161954045295715332e+00 9.871978759765625000e-01
9.438834786415100098e-01 1.065432906150817871e+00 1.034197926521301270e+00
9.238293170928955078e-01 1.155559062957763672e+00 9.940727949142456055e-01
9.447818994522094727e-01 1.122506022453308105e+00 9.905351400375366211e-01
1.017700433731079102e+00 1.105983018875122070e+00 9.813861846923828125e-01
1.053458333015441895e+00 1.065637469291687012e+00 1.026433587074279785e+00
9.130848050117492676e-01 1.094415545463562012e+00 1.002931237220764160e+00
9.235743284225463867e-01 1.161707043647766113e+00 9.702482819557189941e-01
9.559041261672973633e-01 1.127452969551086426e+00 9.967212677001953125e-01
9.687080979347229004e-01 1.079829812049865723e+00 1.043494343757629395e+00
9.450551867485046387e-01 1.106348037719726562e+00 9.814375042915344238e-01
9.276264905929565430e-01 1.110056996345520020e+00 9.905674457550048828e-01
9.446340799331665039e-01 1.091982841491699219e+00 9.788216948509216309e-01
9.511908888816833496e-01 1.066012740135192871e+00 1.037395954132080078e+00
9.526913762092590332e-01 1.145156025886535645e+00 1.006884694099426270e+00
9.196087121963500977e-01 1.129634022712707520e+00 9.953024387359619141e-01
9.581980109214782715e-01 1.105934023857116699e+00 9.801307916641235352e-01
9.936786293983459473e-01 1.093165159225463867e+00 9.671065211296081543e-01
9.940294623374938965e-01 1.106137990951538086e+00 9.777718186378479004e-01
9.705172777175903320e-01 1.158293008804321289e+00 9.938073158264160156e-01
9.822046756744384766e-01 1.106289029121398926e+00 9.782229065895080566e-01
9.114738702774047852e-01 1.137838959693908691e+00 1.039396405220031738e+00
9.325065016746520996e-01 1.128391981124877930e+00 9.913653135299682617e-01
1.046369314193725586e+00 1.071512818336486816e+00 1.021675348281860352e+00
9.590435028076171875e-01 1.117167949676513672e+00 9.854190945625305176e-01
9.893344044685363770e-01 1.167541027069091797e+00 9.800987243652343750e-01
9.467452764511108398e-01 1.157456040382385254e+00 9.971810579299926758e-01
1.005309820175170898e+00 1.093312859535217285e+00 9.698147773742675781e-01
9.226564168930053711e-01 1.072722554206848145e+00 1.026654601097106934e+00
9.374912977218627930e-01 1.149934053421020508e+00 9.849681258201599121e-01
9.311985969543457031e-01 1.068572640419006348e+00 1.030664920806884766e+00
9.454748034477233887e-01 1.080847740173339844e+00 9.798293113708496094e-01
9.563232064247131348e-01 1.078915953636169434e+00 1.042885541915893555e+00
9.814252257347106934e-01 1.078970313072204590e+00 1.055735349655151367e+00
9.940000772476196289e-01 1.079454779624938965e+00 1.057800769805908203e+00
1.007064819335937500e+00 1.081191658973693848e+00 1.055818676948547363e+00
9.149730801582336426e-01 1.146034002304077148e+00 1.005859494209289551e+00
1.037011146545410156e+00 1.110396981239318848e+00 1.002652883529663086e+00
9.316915869712829590e-01 1.080331563949584961e+00 1.040710926055908203e+00
9.441059827804565430e-01 1.079259395599365234e+00 1.043533444404602051e+00
1.038145542144775391e+00 1.088105559349060059e+00 9.861325025558471680e-01
9.357162714004516602e-01 1.039641857147216797e+00 1.039623975753784180e+00
9.301304221153259277e-01 1.168535947799682617e+00 9.686681032180786133e-01
9.382039904594421387e-01 1.155740976333618164e+00 9.792076945304870605e-01
9.377151727676391602e-01 1.162359952926635742e+00 9.603711962699890137e-01
9.313135743141174316e-01 1.092370390892028809e+00 1.042197823524475098e+00
9.506469964981079102e-01 1.139297962188720703e+00 1.014795541763305664e+00
9.215822815895080566e-01 1.110126018524169922e+00 1.041788578033447266e+00
1.017941594123840332e+00 1.079274654388427734e+00 1.051886200904846191e+00
1.005327343940734863e+00 1.123661041259765625e+00 9.900289773941040039e-01
9.443225860595703125e-01 1.093520641326904297e+00 1.044206976890563965e+00
9.568076133728027344e-01 1.092115402221679688e+00 1.043268918991088867e+00
9.701374173164367676e-01 1.094012379646301270e+00 1.044480443000793457e+00
1.020595550537109375e+00 1.087113022804260254e+00 1.049232482910156250e+00
1.017210006713867188e+00 1.127663016319274902e+00 1.005125880241394043e+00
9.709874987602233887e-01 1.106719017028808594e+00 9.792520999908447266e-01
1.018544316291809082e+00 1.094811201095581055e+00 1.047758698463439941e+00
9.941132664680480957e-01 1.116621971130371094e+00 9.839950799942016602e-01
9.471809267997741699e-01 1.162649035453796387e+00 1.002967119216918945e+00
1.035807847976684570e+00 1.095859408378601074e+00 9.879671931266784668e-01
9.087935686111450195e-01 1.131415009498596191e+00 1.029530644416809082e+00
9.321259856224060059e-01 1.106951951980590820e+00 1.040372490882873535e+00
9.558364152908325195e-01 1.104918003082275391e+00 1.040170550346374512e+00
1.007495880126953125e+00 1.098350048065185547e+00 1.048825502395629883e+00
9.445039033889770508e-01 1.103898048400878906e+00 1.041140556335449219e+00
9.330955743789672852e-01 1.115717053413391113e+00 1.047347903251647949e+00
9.498475790023803711e-01 1.140326023101806641e+00 1.002588152885437012e+00
9.445492029190063477e-01 1.132420063018798828e+00 9.951455593109130859e-01
9.852480292320251465e-01 1.181897044181823730e+00 9.737219214439392090e-01
9.704419970512390137e-01 1.161782979965209961e+00 9.856631755828857422e-01
9.438145756721496582e-01 1.111276984214782715e+00 1.037371277809143066e+00
9.590160250663757324e-01 1.110496044158935547e+00 1.037088274955749512e+00
9.679945111274719238e-01 1.110468029975891113e+00 1.037043809890747070e+00
1.025003314018249512e+00 1.110610961914062500e+00 1.036845922470092773e+00
9.530130028724670410e-01 1.147433996200561523e+00 9.977746605873107910e-01
9.816592931747436523e-01 1.035236239433288574e+00 1.050793766975402832e+00
9.821593761444091797e-01 1.170484066009521484e+00 9.818856716156005859e-01
9.430527687072753906e-01 1.034941554069519043e+00 1.042371749877929688e+00
1.005833387374877930e+00 1.035107612609863281e+00 1.042091369628906250e+00
9.571976065635681152e-01 1.035157442092895508e+00 1.041687250137329102e+00
9.335380196571350098e-01 1.104776978492736816e+00 9.851418137550354004e-01
1.025745153427124023e+00 1.045913696289062500e+00 1.038118481636047363e+00
1.037945151329040527e+00 1.081716656684875488e+00 9.858453273773193359e-01
9.155737757682800293e-01 1.079771399497985840e+00 1.018633246421813965e+00
1.053250432014465332e+00 1.047590017318725586e+00 1.018190264701843262e+00
1.018642425537109375e+00 1.053603529930114746e+00 1.046215057373046875e+00
1.007325172424316406e+00 1.118242979049682617e+00 9.846987724304199219e-01
9.685295820236206055e-01 1.157065987586975098e+00 1.000976204872131348e+00
1.028622865676879883e+00 1.056875944137573242e+00 1.040763497352600098e+00
1.058159112930297852e+00 1.055001616477966309e+00 1.018025398254394531e+00
1.016863942146301270e+00 1.089934945106506348e+00 9.730895757675170898e-01
1.014577746391296387e+00 1.058576941490173340e+00 1.050169110298156738e+00
1.036724805831909180e+00 1.091818451881408691e+00 1.036624789237976074e+00
9.801198840141296387e-01 1.166404008865356445e+00 9.887300729751586914e-01
1.015029430389404297e+00 1.067735671997070312e+00 1.052067041397094727e+00
1.021052360534667969e+00 1.068116068840026855e+00 1.048434615135192871e+00
1.029877543449401855e+00 1.067993640899658203e+00 1.041917204856872559e+00
1.036835789680480957e+00 1.067849516868591309e+00 1.036641001701354980e+00
1.057474851608276367e+00 1.068221807479858398e+00 1.017142534255981445e+00
1.031684160232543945e+00 1.078508734703063965e+00 9.807919859886169434e-01
9.239729046821594238e-01 1.175704002380371094e+00 9.493063092231750488e-01
9.344604015350341797e-01 1.060788512229919434e+00 1.017570734024047852e+00
9.193974137306213379e-01 1.081447005271911621e+00 1.030651569366455078e+00
1.018974900245666504e+00 1.121505975723266602e+00 9.930543303489685059e-01
1.030683994293212891e+00 1.079546093940734863e+00 1.043150663375854492e+00
1.037188768386840820e+00 1.079248428344726562e+00 1.036793708801269531e+00
1.041936635971069336e+00 1.079591155052185059e+00 1.029591083526611328e+00
1.046031951904296875e+00 1.079369425773620605e+00 1.017769455909729004e+00
9.212079048156738281e-01 1.070777297019958496e+00 1.006855845451354980e+00
9.706013202667236328e-01 1.115916967391967773e+00 9.852935075759887695e-01
9.130076169967651367e-01 1.113517999649047852e+00 1.004104137420654297e+00
9.857813715934753418e-01 1.174013018608093262e+00 9.740192890167236328e-01
1.017479538917541504e+00 1.035213112831115723e+00 9.940714240074157715e-01
1.016214132308959961e+00 1.035847544670104980e+00 9.837868809700012207e-01
1.019324779510498047e+00 1.035832166671752930e+00 1.031320571899414062e+00
1.043554425239562988e+00 1.041110038757324219e+00 1.005799174308776855e+00
1.022619128227233887e+00 1.040605187416076660e+00 9.920645356178283691e-01
1.019134759902954102e+00 1.042781949043273926e+00 9.807904958724975586e-01
1.041463255882263184e+00 1.045630097389221191e+00 9.964548945426940918e-01
1.043692469596862793e+00 1.041196823120117188e+00 1.017719984054565430e+00
1.051287174224853516e+00 1.046395897865295410e+00 1.005805253982543945e+00
1.028577685356140137e+00 1.105180978775024414e+00 9.857618808746337891e-01
1.030674815177917480e+00 1.044512391090393066e+00 9.938200712203979492e-01
9.815881848335266113e-01 1.094805955886840820e+00 9.692565798759460449e-01
9.684516191482543945e-01 1.034302353858947754e+00 9.715918898582458496e-01
1.026038050651550293e+00 1.047590255737304688e+00 9.834206104278564453e-01
1.055419683456420898e+00 1.068637847900390625e+00 1.005896568298339844e+00
1.052037358283996582e+00 1.055073022842407227e+00 9.975184202194213867e-01
1.056737542152404785e+00 1.054222345352172852e+00 1.005124807357788086e+00
1.042804956436157227e+00 1.055328607559204102e+00 9.939529895782470703e-01
9.379963278770446777e-01 1.167422056198120117e+00 9.472835063934326172e-01
1.034112811088562012e+00 1.054177641868591309e+00 9.905165433883666992e-01
1.029518008232116699e+00 1.056056380271911621e+00 9.824125170707702637e-01
9.822112917900085449e-01 1.115911006927490234e+00 9.842162132263183594e-01
9.582161903381347656e-01 1.035760164260864258e+00 9.735893011093139648e-01
9.948105812072753906e-01 1.043045997619628906e+00 9.726666808128356934e-01
9.335941076278686523e-01 1.034364938735961914e+00 9.958333373069763184e-01
1.047541379928588867e+00 1.071217417716979980e+00 1.005426168441772461e+00
1.024913787841796875e+00 1.082516312599182129e+00 9.754123091697692871e-01
9.700976014137268066e-01 1.042603135108947754e+00 9.716820716857910156e-01
1.021812081336975098e+00 1.051586508750915527e+00 9.763507843017578125e-01
9.728462696075439453e-01 1.035160779953002930e+00 1.050926685333251953e+00
1.016118049621582031e+00 1.115630030632019043e+00 9.854549169540405273e-01
1.031738042831420898e+00 1.067998290061950684e+00 9.816467761993408203e-01
1.041822552680969238e+00 1.067520141601562500e+00 9.944844245910644531e-01
1.051487088203430176e+00 1.063727855682373047e+00 9.982520341873168945e-01
9.106696844100952148e-01 1.128309011459350586e+00 1.042802333831787109e+00
1.045938491821289062e+00 1.079630732536315918e+00 1.005796313285827637e+00
9.294567108154296875e-01 1.149896979331970215e+00 9.612681269645690918e-01
9.570382833480834961e-01 1.043024182319641113e+00 9.823712110519409180e-01
9.280322790145874023e-01 1.177847981452941895e+00 9.525396227836608887e-01
9.239470958709716797e-01 1.177651047706604004e+00 9.528542757034301758e-01
1.030417323112487793e+00 1.118494987487792969e+00 1.005738139152526855e+00
9.228549003601074219e-01 1.167706012725830078e+00 9.701201915740966797e-01
1.020266771316528320e+00 1.092860937118530273e+00 9.762637019157409668e-01
9.745184779167175293e-01 1.079869747161865234e+00 1.051054596900939941e+00
9.349458813667297363e-01 1.035325884819030762e+00 1.016223669052124023e+00
9.352324008941650391e-01 1.035079240798950195e+00 1.029448151588439941e+00
9.355732798576354980e-01 1.041459083557128906e+00 1.030447602272033691e+00
9.356800317764282227e-01 1.035226106643676758e+00 1.038791418075561523e+00
9.323999881744384766e-01 1.034029960632324219e+00 1.005904912948608398e+00
9.320465922355651855e-01 1.041858792304992676e+00 1.006683945655822754e+00
9.426503181457519531e-01 1.043154835700988770e+00 1.020022869110107422e+00
9.365367889404296875e-01 1.041432142257690430e+00 1.014205217361450195e+00
9.405869841575622559e-01 1.047138214111328125e+00 1.006285429000854492e+00
9.766166210174560547e-01 1.065641641616821289e+00 1.045097589492797852e+00
9.364619851112365723e-01 1.071665048599243164e+00 1.037946343421936035e+00
9.806963801383972168e-01 1.081012845039367676e+00 9.615681767463684082e-01
9.572793841361999512e-01 1.034355640411376953e+00 9.808697700500488281e-01
9.930976033210754395e-01 1.034639954566955566e+00 9.797828793525695801e-01
9.343212842941284180e-01 1.040833234786987305e+00 9.959820508956909180e-01
9.616093039512634277e-01 1.041921854019165039e+00 9.735960960388183594e-01
9.443414807319641113e-01 1.043286561965942383e+00 9.924116730690002441e-01
9.583215117454528809e-01 1.042027592658996582e+00 9.900032281875610352e-01
9.677705764770507812e-01 1.044659256935119629e+00 9.832500815391540527e-01
9.692615270614624023e-01 1.056330680847167969e+00 9.814829826354980469e-01
9.570974111557006836e-01 1.056189656257629395e+00 9.886956810951232910e-01
9.449715018272399902e-01 1.056655645370483398e+00 9.946862459182739258e-01
9.738141894340515137e-01 1.056883573532104492e+00 9.717305898666381836e-01
9.447811245918273926e-01 1.117460966110229492e+00 9.866256117820739746e-01
9.809342026710510254e-01 1.054669499397277832e+00 9.681354165077209473e-01
9.312371015548706055e-01 1.068669438362121582e+00 9.934505820274353027e-01
9.269496202468872070e-01 1.065420031547546387e+00 1.005528569221496582e+00
9.792765974998474121e-01 1.067279338836669922e+00 9.634469747543334961e-01
9.709208011627197266e-01 1.067425966262817383e+00 9.709479212760925293e-01
9.671943783760070801e-01 1.066463708877563477e+00 9.804785251617431641e-01
9.822391867637634277e-01 1.034331917762756348e+00 9.740858078002929688e-01
9.226313233375549316e-01 1.073257088661193848e+00 9.959022998809814453e-01
1.015161633491516113e+00 1.126103997230529785e+00 9.973360300064086914e-01
9.154744744300842285e-01 1.080057144165039062e+00 1.005307078361511230e+00
9.206482768058776855e-01 1.079855918884277344e+00 9.935943484306335449e-01
9.690272212028503418e-01 1.079470157623291016e+00 9.687525033950805664e-01
9.644855856895446777e-01 1.081800937652587891e+00 9.773113131523132324e-01
9.318590164184570312e-01 1.080122709274291992e+00 9.835721850395202637e-01
9.487068057060241699e-01 1.034227013587951660e+00 9.870986938476562500e-01
1.016192436218261719e+00 1.080479025840759277e+00 9.707825779914855957e-01
9.855521917343139648e-01 1.087927341461181641e+00 9.619703292846679688e-01
9.826843142509460449e-01 1.043267369270324707e+00 9.717093706130981445e-01
9.806671738624572754e-01 1.097925066947937012e+00 9.752079844474792480e-01
9.444521069526672363e-01 1.033681631088256836e+00 9.938098788261413574e-01
1.007026314735412598e+00 1.097841739654541016e+00 9.753944873809814453e-01
9.851108193397521973e-01 1.126067996025085449e+00 9.974787235260009766e-01
1.017520546913146973e+00 1.055211424827575684e+00 9.727243781089782715e-01
9.904633760452270508e-01 1.079410433769226074e+00 9.620140790939331055e-01
1.005242705345153809e+00 1.039133548736572266e+00 9.780529737472534180e-01
1.017565250396728516e+00 1.067933917045593262e+00 9.710612297058105469e-01
9.942092895507812500e-01 1.128077030181884766e+00 9.971489310264587402e-01
1.006265521049499512e+00 1.128046989440917969e+00 9.968295097351074219e-01
1.005599737167358398e+00 1.034660339355468750e+00 9.820681810379028320e-01
1.029824018478393555e+00 1.035914182662963867e+00 1.004889726638793945e+00
1.006251931190490723e+00 1.045962333679199219e+00 9.736217856407165527e-01
1.014325261116027832e+00 1.047348380088806152e+00 9.748486876487731934e-01
1.006040811538696289e+00 1.055507302284240723e+00 9.695686101913452148e-01
9.938658475875854492e-01 1.054637193679809570e+00 9.673650264739990234e-01
9.653306007385253906e-01 1.057124018669128418e+00 9.885047078132629395e-01
9.931545853614807129e-01 1.067974209785461426e+00 9.640594124794006348e-01
1.005655765533447266e+00 1.067623734474182129e+00 9.670801162719726562e-01
9.430267810821533203e-01 1.065162777900695801e+00 9.904178380966186523e-01
9.577203989028930664e-01 1.069994449615478516e+00 9.838536977767944336e-01
9.824280738830566406e-01 1.070547342300415039e+00 9.617738723754882812e-01
9.444140195846557617e-01 1.072298288345336914e+00 9.838781952857971191e-01
9.362115859985351562e-01 1.071269750595092773e+00 9.861465096473693848e-01
1.005685567855834961e+00 1.079054713249206543e+00 9.660810828208923340e-01
9.966157078742980957e-01 1.080451130867004395e+00 9.632773995399475098e-01
9.751011729240417480e-01 1.081500411033630371e+00 9.628921747207641602e-01
9.587486982345581055e-01 1.079137802124023438e+00 9.802253842353820801e-01
9.264181256294250488e-01 1.077702641487121582e+00 9.877976775169372559e-01
9.819380044937133789e-01 1.035262703895568848e+00 9.804599285125732422e-01
9.684230089187622070e-01 1.035848736763000488e+00 9.820330739021301270e-01
9.939796328544616699e-01 1.038123726844787598e+00 9.854816198348999023e-01
9.822189211845397949e-01 1.038254618644714355e+00 9.845497012138366699e-01
1.007534503936767578e+00 1.035559654235839844e+00 9.934993982315063477e-01
1.004304409027099609e+00 1.038401722908020020e+00 9.928246140480041504e-01
9.940606355667114258e-01 1.038948059082031250e+00 9.940786957740783691e-01
9.823858141899108887e-01 1.038605451583862305e+00 9.941549301147460938e-01
9.569692015647888184e-01 1.034139156341552734e+00 9.943403005599975586e-01
1.018922209739685059e+00 1.035107612609863281e+00 1.004997730255126953e+00
9.700871109962463379e-01 1.038391232490539551e+00 9.941732287406921387e-01
1.005120635032653809e+00 1.034839749336242676e+00 1.005584955215454102e+00
1.001035332679748535e+00 1.037591695785522461e+00 1.000952243804931641e+00
9.941528439521789551e-01 1.038341879844665527e+00 1.005908012390136719e+00
9.575378894805908203e-01 1.034314393997192383e+00 1.005905985832214355e+00
9.821270108222961426e-01 1.038316607475280762e+00 1.005994677543640137e+00
1.028661966323852539e+00 1.035841107368469238e+00 1.018749594688415527e+00
9.449740052223205566e-01 1.033620357513427734e+00 1.005838155746459961e+00
9.715266823768615723e-01 1.038148880004882812e+00 1.004418492317199707e+00
9.990530014038085938e-01 1.035737395286560059e+00 1.010346889495849609e+00
1.019322395324707031e+00 1.035181403160095215e+00 1.019661545753479004e+00
9.657675027847290039e-01 1.033758997917175293e+00 1.007175207138061523e+00
1.005360245704650879e+00 1.034595608711242676e+00 1.017987132072448730e+00
9.996142983436584473e-01 1.035145878791809082e+00 1.013417124748229980e+00
1.033411860466003418e+00 1.037617921829223633e+00 1.021008253097534180e+00
9.941020607948303223e-01 1.038178205490112305e+00 1.017706155776977539e+00
9.647554755210876465e-01 1.035057067871093750e+00 1.017825722694396973e+00
9.821922183036804199e-01 1.038196206092834473e+00 1.017811417579650879e+00
9.738101959228515625e-01 1.037759184837341309e+00 1.017704367637634277e+00
9.436752796173095703e-01 1.033676147460937500e+00 1.017526507377624512e+00
1.001141190528869629e+00 1.037660956382751465e+00 1.022341370582580566e+00
1.010025262832641602e+00 1.035502910614013672e+00 1.029656052589416504e+00
1.005501270294189453e+00 1.038555622100830078e+00 1.029660940170288086e+00
9.940341711044311523e-01 1.038894653320312500e+00 1.029925227165222168e+00
9.669255018234252930e-01 1.035521745681762695e+00 1.029223561286926270e+00
9.722282886505126953e-01 1.038256287574768066e+00 1.032286524772644043e+00
9.820908904075622559e-01 1.038590192794799805e+00 1.029616713523864746e+00
9.580596089363098145e-01 1.034369826316833496e+00 1.029966831207275391e+00
1.015243053436279297e+00 1.035611629486083984e+00 1.041269183158874512e+00
9.445698857307434082e-01 1.034255504608154297e+00 1.029795169830322266e+00
9.339485168457031250e-01 1.061114430427551270e+00 1.005855441093444824e+00
9.934508800506591797e-01 1.035037159919738770e+00 1.045395851135253906e+00
9.692174196243286133e-01 1.034759640693664551e+00 1.043295860290527344e+00
9.819166064262390137e-01 1.034814238548278809e+00 1.045877218246459961e+00
